sitePosition,siteLabel,siteSequence,leftSiteSequence,phosphoAcceptorSite,rightSiteSequence,score,scoreQuantile,scorePosition,scoreDistributionSize,scoreRank,quantileRank,id,name,geneName,type,normExclude,weakCatalyticActivity,motifGroup,peptide_id,sequence
8,T8,TSFMMTPYVVT_,TSFMM,T,PYVVT,-13.115807786105272,1.4504139723212666e-4,12,82735,303,302,288,PRKX,PRKX,STK,ST,FALSE,AGC,MK10_214_226_T8_0b4_O0xO,AGtSFMMT*PYVVT
8,T8,TSFMMTPYVVT_,TSFMM,T,PYVVT,-9.95676609109472,0.0012207650933703995,101,82735,302,298,6,PKACB,PRKACB,STK,ST,FALSE,AGC,MK10_214_226_T8_0b4_O0xO,AGtSFMMT*PYVVT
8,T8,TSFMMTPYVVT_,TSFMM,T,PYVVT,-9.257792626602924,0.007783888318124131,644,82735,301,290,5,PKACA,PRKACA,STK,ST,FALSE,AGC,MK10_214_226_T8_0b4_O0xO,AGtSFMMT*PYVVT
8,T8,TSFMMTPYVVT_,TSFMM,T,PYVVT,-9.057615807088771,0.006405995044418928,530,82735,300,291,162,AURC,AURKC,STK,ST,FALSE,Other,MK10_214_226_T8_0b4_O0xO,AGtSFMMT*PYVVT
8,T8,TSFMMTPYVVT_,TSFMM,T,PYVVT,-8.988631783272785,0.021260651477609235,1759,82735,299,281,283,FAM20C,FAM20C,STK,ST,FALSE,FAM20,MK10_214_226_T8_0b4_O0xO,AGtSFMMT*PYVVT
8,T8,TSFMMTPYVVT_,TSFMM,T,PYVVT,-8.39167884516518,0.005850003021695776,484,82735,298,294,257,NDR2,STK38L,STK,ST,FALSE,AGC,MK10_214_226_T8_0b4_O0xO,AGtSFMMT*PYVVT
8,T8,TSFMMTPYVVT_,TSFMM,T,PYVVT,-8.095081144891374,0.07098567716202332,5873,82735,297,247,9,AKT3,AKT3,STK,ST,FALSE,AGC,MK10_214_226_T8_0b4_O0xO,AGtSFMMT*PYVVT
8,T8,TSFMMTPYVVT_,TSFMM,T,PYVVT,-8.0704379695701,0.019423460446002298,1607,82735,296,282,124,MAPKAPK2,MAPKAPK2,STK,ST,FALSE,CAMK,MK10_214_226_T8_0b4_O0xO,AGtSFMMT*PYVVT
8,T8,TSFMMTPYVVT_,TSFMM,T,PYVVT,-7.594580698269517,0.012449386595757539,1030,82735,295,289,377,LATS2,LATS2,STK,ST,FALSE,AGC,MK10_214_226_T8_0b4_O0xO,AGtSFMMT*PYVVT
8,T8,TSFMMTPYVVT_,TSFMM,T,PYVVT,-7.358708039693507,0.2919441590620656,24154,82735,294,162,12,PKG1,PRKG1,STK,ST,FALSE,AGC,MK10_214_226_T8_0b4_O0xO,AGtSFMMT*PYVVT
8,T8,TSFMMTPYVVT_,TSFMM,T,PYVVT,-7.307381209366919,0.005825829455490421,482,82735,293,295,256,NDR1,STK38,STK,ST,FALSE,AGC,MK10_214_226_T8_0b4_O0xO,AGtSFMMT*PYVVT
8,T8,TSFMMTPYVVT_,TSFMM,T,PYVVT,-7.159711152503098,0.016341330754819604,1352,82735,292,285,227,AMPKA2,PRKAA2,STK,ST,FALSE,CAMK,MK10_214_226_T8_0b4_O0xO,AGtSFMMT*PYVVT
8,T8,TSFMMTPYVVT_,TSFMM,T,PYVVT,-6.976226275444928,0.1996857436393304,16521,82735,291,192,198,PHKG2,PHKG2,STK,ST,FALSE,CAMK,MK10_214_226_T8_0b4_O0xO,AGtSFMMT*PYVVT
8,T8,TSFMMTPYVVT_,TSFMM,T,PYVVT,-6.937254217313184,5.922523720311839e-4,49,82735,290,300,146,COT,MAP3K8,STK,ST,FALSE,STE,MK10_214_226_T8_0b4_O0xO,AGtSFMMT*PYVVT
8,T8,TSFMMTPYVVT_,TSFMM,T,PYVVT,-6.881658009014427,0.04472109747990572,3700,82735,289,264,24,PRKD2,PRKD2,STK,ST,FALSE,CAMK,MK10_214_226_T8_0b4_O0xO,AGtSFMMT*PYVVT
8,T8,TSFMMTPYVVT_,TSFMM,T,PYVVT,-6.864273334279791,0.027944642533389737,2312,82735,288,276,342,CLK2,CLK2,STK,ST,FALSE,CMGC,MK10_214_226_T8_0b4_O0xO,AGtSFMMT*PYVVT
8,T8,TSFMMTPYVVT_,TSFMM,T,PYVVT,-6.829299364904727,0.0696682178038315,5764,82735,287,250,263,MNK1,MKNK1,STK,ST,FALSE,CAMK,MK10_214_226_T8_0b4_O0xO,AGtSFMMT*PYVVT
8,T8,TSFMMTPYVVT_,TSFMM,T,PYVVT,-6.801062383954347,0.023835136278479482,1972,82735,286,277,338,RSK4,RPS6KA6,STK,ST,FALSE,AGC,MK10_214_226_T8_0b4_O0xO,AGtSFMMT*PYVVT
8,T8,TSFMMTPYVVT_,TSFMM,T,PYVVT,-6.774245614674854,0.048395479543119596,4004,82735,285,260,161,AURB,AURKB,STK,ST,FALSE,Other,MK10_214_226_T8_0b4_O0xO,AGtSFMMT*PYVVT
8,T8,TSFMMTPYVVT_,TSFMM,T,PYVVT,-6.75431977858388,0.20471384541004412,16937,82735,284,189,299,PAK5,PAK5,STK,ST,FALSE,STE,MK10_214_226_T8_0b4_O0xO,AGtSFMMT*PYVVT
8,T8,TSFMMTPYVVT_,TSFMM,T,PYVVT,-6.688482068725241,5.801655889285067e-4,48,82735,283,301,106,PIM1,PIM1,STK,ST,FALSE,CAMK,MK10_214_226_T8_0b4_O0xO,AGtSFMMT*PYVVT
8,T8,TSFMMTPYVVT_,TSFMM,T,PYVVT,-6.680477794948378,0.013029552184686046,1078,82735,282,288,273,MST4,STK26,STK,ST,FALSE,STE,MK10_214_226_T8_0b4_O0xO,AGtSFMMT*PYVVT
8,T8,TSFMMTPYVVT_,TSFMM,T,PYVVT,-6.625293038757535,0.03209040913760802,2655,82735,281,273,136,MSK1,RPS6KA5,STK,ST,FALSE,AGC,MK10_214_226_T8_0b4_O0xO,AGtSFMMT*PYVVT
8,T8,TSFMMTPYVVT_,TSFMM,T,PYVVT,-6.596317209519979,0.04088958723635704,3383,82735,280,268,200,IKKA,CHUK,STK,ST,FALSE,Other,MK10_214_226_T8_0b4_O0xO,AGtSFMMT*PYVVT
8,T8,TSFMMTPYVVT_,TSFMM,T,PYVVT,-6.560331971191744,9.669426482141778e-4,80,82735,279,299,109,PIM3,PIM3,STK,ST,FALSE,CAMK,MK10_214_226_T8_0b4_O0xO,AGtSFMMT*PYVVT
8,T8,TSFMMTPYVVT_,TSFMM,T,PYVVT,-6.554350060395539,0.09799963739650693,8108,82735,278,234,170,CK2A1,CSNK2A1,STK,ST,FALSE,Other,MK10_214_226_T8_0b4_O0xO,AGtSFMMT*PYVVT
8,T8,TSFMMTPYVVT_,TSFMM,T,PYVVT,-6.544489603017563,0.04261799722003989,3526,82735,277,266,1,PKACG,PRKACG,STK,ST,FALSE,AGC,MK10_214_226_T8_0b4_O0xO,AGtSFMMT*PYVVT
8,T8,TSFMMTPYVVT_,TSFMM,T,PYVVT,-6.450326972683391,0.11400253822445157,9432,82735,276,223,13,PKG2,PRKG2,STK,ST,FALSE,AGC,MK10_214_226_T8_0b4_O0xO,AGtSFMMT*PYVVT
8,T8,TSFMMTPYVVT_,TSFMM,T,PYVVT,-6.265695840428466,0.1369553393364356,11331,82735,275,211,189,ROCK2,ROCK2,STK,ST,FALSE,AGC,MK10_214_226_T8_0b4_O0xO,AGtSFMMT*PYVVT
8,T8,TSFMMTPYVVT_,TSFMM,T,PYVVT,-6.225008825017019,0.005825829455490421,482,82735,274,296,340,CLK3,CLK3,STK,ST,FALSE,CMGC,MK10_214_226_T8_0b4_O0xO,AGtSFMMT*PYVVT
8,T8,TSFMMTPYVVT_,TSFMM,T,PYVVT,-6.222007031526227,0.0391611772526742,3240,82735,273,269,246,SRPK2,SRPK2,STK,ST,FALSE,CMGC,MK10_214_226_T8_0b4_O0xO,AGtSFMMT*PYVVT
8,T8,TSFMMTPYVVT_,TSFMM,T,PYVVT,-6.1855440059523525,0.29218589472411916,24174,82735,272,161,300,PAK4,PAK4,STK,ST,FALSE,STE,MK10_214_226_T8_0b4_O0xO,AGtSFMMT*PYVVT
8,T8,TSFMMTPYVVT_,TSFMM,T,PYVVT,-6.166680335550769,0.12404665498277634,10263,82735,271,218,11,AKT1,AKT1,STK,ST,FALSE,AGC,MK10_214_226_T8_0b4_O0xO,AGtSFMMT*PYVVT
8,T8,TSFMMTPYVVT_,TSFMM,T,PYVVT,-6.149749544179639,0.10146854414697529,8395,82735,270,230,75,SIK,SIK1,STK,ST,FALSE,CAMK,MK10_214_226_T8_0b4_O0xO,AGtSFMMT*PYVVT
8,T8,TSFMMTPYVVT_,TSFMM,T,PYVVT,-6.129096832536527,0.1492113374025503,12345,82735,269,209,169,CK2A2,CSNK2A2,STK,ST,FALSE,Other,MK10_214_226_T8_0b4_O0xO,AGtSFMMT*PYVVT
8,T8,TSFMMTPYVVT_,TSFMM,T,PYVVT,-6.115895007769852,0.09986100199431922,8262,82735,268,231,383,PKCB,PRKCB,STK,ST,FALSE,AGC,MK10_214_226_T8_0b4_O0xO,AGtSFMMT*PYVVT
8,T8,TSFMMTPYVVT_,TSFMM,T,PYVVT,-6.070502079543249,0.04259382365383453,3524,82735,267,267,58,CK1G1,CSNK1G1,STK,ST,FALSE,CK1,MK10_214_226_T8_0b4_O0xO,AGtSFMMT*PYVVT
8,T8,TSFMMTPYVVT_,TSFMM,T,PYVVT,-6.0419145282729705,0.26418081827521606,21857,82735,266,168,187,ROCK1,ROCK1,STK,ST,FALSE,AGC,MK10_214_226_T8_0b4_O0xO,AGtSFMMT*PYVVT
8,T8,TSFMMTPYVVT_,TSFMM,T,PYVVT,-6.038347831990716,0.044890312443343204,3714,82735,265,263,25,PRKD1,PRKD1,STK,ST,FALSE,CAMK,MK10_214_226_T8_0b4_O0xO,AGtSFMMT*PYVVT
8,T8,TSFMMTPYVVT_,TSFMM,T,PYVVT,-5.984862933166668,0.09902701396023449,8193,82735,264,233,163,AURA,AURKA,STK,ST,FALSE,Other,MK10_214_226_T8_0b4_O0xO,AGtSFMMT*PYVVT
8,T8,TSFMMTPYVVT_,TSFMM,T,PYVVT,-5.968991676741931,0.0388952680244153,3218,82735,263,270,137,MSK2,RPS6KA4,STK,ST,FALSE,AGC,MK10_214_226_T8_0b4_O0xO,AGtSFMMT*PYVVT
8,T8,TSFMMTPYVVT_,TSFMM,T,PYVVT,-5.962294464929664,0.06189641626881005,5121,82735,262,255,127,TSSK1,TSSK1B,STK,ST,FALSE,CAMK,MK10_214_226_T8_0b4_O0xO,AGtSFMMT*PYVVT
8,T8,TSFMMTPYVVT_,TSFMM,T,PYVVT,-5.948984032136408,0.043113555327249656,3567,82735,261,265,384,CAMK2B,CAMK2B,STK,ST,FALSE,CAMK,MK10_214_226_T8_0b4_O0xO,AGtSFMMT*PYVVT
8,T8,TSFMMTPYVVT_,TSFMM,T,PYVVT,-5.9266336079378386,0.18473439294131866,15284,82735,260,195,295,PAK6,PAK6,STK,ST,FALSE,STE,MK10_214_226_T8_0b4_O0xO,AGtSFMMT*PYVVT
8,T8,TSFMMTPYVVT_,TSFMM,T,PYVVT,-5.903805289865903,0.08567111863177615,7088,82735,259,242,285,SGK1,SGK1,STK,ST,FALSE,AGC,MK10_214_226_T8_0b4_O0xO,AGtSFMMT*PYVVT
8,T8,TSFMMTPYVVT_,TSFMM,T,PYVVT,-5.903641660899804,0.018118087870913156,1499,82735,258,283,203,IKKB,IKBKB,STK,ST,FALSE,Other,MK10_214_226_T8_0b4_O0xO,AGtSFMMT*PYVVT
8,T8,TSFMMTPYVVT_,TSFMM,T,PYVVT,-5.825901471331421,0.03604278721218348,2982,82735,257,272,231,AMPKA1,PRKAA1,STK,ST,FALSE,CAMK,MK10_214_226_T8_0b4_O0xO,AGtSFMMT*PYVVT
8,T8,TSFMMTPYVVT_,TSFMM,T,PYVVT,-5.803783760243124,0.1540460506436212,12745,82735,256,206,264,MNK2,MKNK2,STK,ST,FALSE,CAMK,MK10_214_226_T8_0b4_O0xO,AGtSFMMT*PYVVT
8,T8,TSFMMTPYVVT_,TSFMM,T,PYVVT,-5.793391327833086,0.12425213029552185,10280,82735,255,217,380,PKCG,PRKCG,STK,ST,FALSE,AGC,MK10_214_226_T8_0b4_O0xO,AGtSFMMT*PYVVT
8,T8,TSFMMTPYVVT_,TSFMM,T,PYVVT,-5.79148764588671,0.01635341753792228,1353,82735,254,284,341,RSK2,RPS6KA3,STK,ST,FALSE,AGC,MK10_214_226_T8_0b4_O0xO,AGtSFMMT*PYVVT
8,T8,TSFMMTPYVVT_,TSFMM,T,PYVVT,-5.714068220593514,0.05835498881972563,4828,82735,253,258,294,PAK1,PAK1,STK,ST,FALSE,STE,MK10_214_226_T8_0b4_O0xO,AGtSFMMT*PYVVT
8,T8,TSFMMTPYVVT_,TSFMM,T,PYVVT,-5.712795323495865,4.834713241070889e-5,4,82735,252,303,329,GRK7,GRK7,STK,ST,FALSE,AGC,MK10_214_226_T8_0b4_O0xO,AGtSFMMT*PYVVT
8,T8,TSFMMTPYVVT_,TSFMM,T,PYVVT,-5.618447655790738,0.021719949235510967,1797,82735,251,280,387,CAMK2A,CAMK2A,STK,ST,FALSE,CAMK,MK10_214_226_T8_0b4_O0xO,AGtSFMMT*PYVVT
8,T8,TSFMMTPYVVT_,TSFMM,T,PYVVT,-5.616639481943503,0.07039342478999214,5824,82735,250,249,8,AKT2,AKT2,STK,ST,FALSE,AGC,MK10_214_226_T8_0b4_O0xO,AGtSFMMT*PYVVT
8,T8,TSFMMTPYVVT_,TSFMM,T,PYVVT,-5.575310533591842,0.07458753852662114,6171,82735,249,244,95,PKN2,PKN2,STK,ST,FALSE,AGC,MK10_214_226_T8_0b4_O0xO,AGtSFMMT*PYVVT
8,T8,TSFMMTPYVVT_,TSFMM,T,PYVVT,-5.557626842800546,0.030821296911826918,2550,82735,248,274,254,SRPK1,SRPK1,STK,ST,FALSE,CMGC,MK10_214_226_T8_0b4_O0xO,AGtSFMMT*PYVVT
8,T8,TSFMMTPYVVT_,TSFMM,T,PYVVT,-5.527065480222724,0.2416510545718257,19993,82735,247,173,93,SSTK,TSSK6,STK,ST,FALSE,CAMK,MK10_214_226_T8_0b4_O0xO,AGtSFMMT*PYVVT
8,T8,TSFMMTPYVVT_,TSFMM,T,PYVVT,-5.503486043180905,0.0936604822626458,7749,82735,246,238,128,TSSK2,TSSK2,STK,ST,FALSE,CAMK,MK10_214_226_T8_0b4_O0xO,AGtSFMMT*PYVVT
8,T8,TSFMMTPYVVT_,TSFMM,T,PYVVT,-5.474552844342443,0.16324409258475855,13506,82735,245,202,335,MARK3,MARK3,STK,ST,FALSE,CAMK,MK10_214_226_T8_0b4_O0xO,AGtSFMMT*PYVVT
8,T8,TSFMMTPYVVT_,TSFMM,T,PYVVT,-5.436735051434474,0.06706955943675591,5549,82735,244,254,343,RSK3,RPS6KA2,STK,ST,FALSE,AGC,MK10_214_226_T8_0b4_O0xO,AGtSFMMT*PYVVT
8,T8,TSFMMTPYVVT_,TSFMM,T,PYVVT,-5.430502502041274,0.11620233274913881,9614,82735,243,222,284,SGK3,SGK3,STK,ST,FALSE,AGC,MK10_214_226_T8_0b4_O0xO,AGtSFMMT*PYVVT
8,T8,TSFMMTPYVVT_,TSFMM,T,PYVVT,-5.390298705850019,0.12590801958058861,10417,82735,242,216,306,CAMK4,CAMK4,STK,ST,FALSE,CAMK,MK10_214_226_T8_0b4_O0xO,AGtSFMMT*PYVVT
8,T8,TSFMMTPYVVT_,TSFMM,T,PYVVT,-5.387531607724971,0.11882516468241977,9831,82735,241,219,253,QSK,SIK3,STK,ST,FALSE,CAMK,MK10_214_226_T8_0b4_O0xO,AGtSFMMT*PYVVT
8,T8,TSFMMTPYVVT_,TSFMM,T,PYVVT,-5.368589674854162,0.24646159424669126,20391,82735,240,172,388,BUB1,BUB1,STK,ST,FALSE,Other,MK10_214_226_T8_0b4_O0xO,AGtSFMMT*PYVVT
8,T8,TSFMMTPYVVT_,TSFMM,T,PYVVT,-5.342169688221098,0.21860155919502025,18086,82735,239,182,157,MRCKA,CDC42BPA,STK,ST,FALSE,AGC,MK10_214_226_T8_0b4_O0xO,AGtSFMMT*PYVVT
8,T8,TSFMMTPYVVT_,TSFMM,T,PYVVT,-5.340783209191773,0.12866380612799902,10645,82735,238,213,243,NUAK1,NUAK1,STK,ST,FALSE,CAMK,MK10_214_226_T8_0b4_O0xO,AGtSFMMT*PYVVT
8,T8,TSFMMTPYVVT_,TSFMM,T,PYVVT,-5.269050634627702,0.21149453073064603,17498,82735,237,187,129,P70S6K,RPS6KB1,STK,ST,FALSE,AGC,MK10_214_226_T8_0b4_O0xO,AGtSFMMT*PYVVT
8,T8,TSFMMTPYVVT_,TSFMM,T,PYVVT,-5.236608955551333,0.33326887049011905,27573,82735,236,145,364,CAMK1A,CAMK1,STK,ST,FALSE,CAMK,MK10_214_226_T8_0b4_O0xO,AGtSFMMT*PYVVT
8,T8,TSFMMTPYVVT_,TSFMM,T,PYVVT,-5.225581319268108,0.21810600108781047,18045,82735,235,183,132,BRSK1,BRSK1,STK,ST,FALSE,CAMK,MK10_214_226_T8_0b4_O0xO,AGtSFMMT*PYVVT
8,T8,TSFMMTPYVVT_,TSFMM,T,PYVVT,-5.216628998708437,0.18509699643439897,15314,82735,234,194,382,CAMK1G,CAMK1G,STK,ST,FALSE,CAMK,MK10_214_226_T8_0b4_O0xO,AGtSFMMT*PYVVT
8,T8,TSFMMTPYVVT_,TSFMM,T,PYVVT,-5.19256298443092,0.15560524566386655,12874,82735,233,205,120,MELK,MELK,STK,ST,FALSE,CAMK,MK10_214_226_T8_0b4_O0xO,AGtSFMMT*PYVVT
8,T8,TSFMMTPYVVT_,TSFMM,T,PYVVT,-5.190568678494399,0.27092524324650996,22415,82735,232,166,360,PKCT,PRKCQ,STK,ST,FALSE,AGC,MK10_214_226_T8_0b4_O0xO,AGtSFMMT*PYVVT
8,T8,TSFMMTPYVVT_,TSFMM,T,PYVVT,-5.165247897164647,0.21536230132350276,17818,82735,231,185,197,PHKG1,PHKG1,STK,ST,FALSE,CAMK,MK10_214_226_T8_0b4_O0xO,AGtSFMMT*PYVVT
8,T8,TSFMMTPYVVT_,TSFMM,T,PYVVT,-5.130667435314738,0.005886263371003808,487,82735,230,293,111,P70S6KB,RPS6KB2,STK,ST,FALSE,AGC,MK10_214_226_T8_0b4_O0xO,AGtSFMMT*PYVVT
8,T8,TSFMMTPYVVT_,TSFMM,T,PYVVT,-5.0407405857921725,0.013645978122922585,1129,82735,229,287,322,GRK1,GRK1,STK,ST,FALSE,AGC,MK10_214_226_T8_0b4_O0xO,AGtSFMMT*PYVVT
8,T8,TSFMMTPYVVT_,TSFMM,T,PYVVT,-5.003245658790518,0.06917265969662174,5723,82735,228,251,379,PKCD,PRKCD,STK,ST,FALSE,AGC,MK10_214_226_T8_0b4_O0xO,AGtSFMMT*PYVVT
8,T8,TSFMMTPYVVT_,TSFMM,T,PYVVT,-4.93542109962055,0.13400616425938236,11087,82735,227,212,121,MAPKAPK3,MAPKAPK3,STK,ST,FALSE,CAMK,MK10_214_226_T8_0b4_O0xO,AGtSFMMT*PYVVT
8,T8,TSFMMTPYVVT_,TSFMM,T,PYVVT,-4.829717593099946,0.06874962228802804,5688,82735,226,252,328,GRK4,GRK4,STK,ST,FALSE,AGC,MK10_214_226_T8_0b4_O0xO,AGtSFMMT*PYVVT
8,T8,TSFMMTPYVVT_,TSFMM,T,PYVVT,-4.785890988686961,0.3853629056626579,31883,82735,225,130,317,OSR1,OXSR1,STK,ST,FALSE,STE,MK10_214_226_T8_0b4_O0xO,AGtSFMMT*PYVVT
8,T8,TSFMMTPYVVT_,TSFMM,T,PYVVT,-4.763824067968579,0.14654015833685866,12124,82735,224,210,71,RIPK3,RIPK3,STK,ST,FALSE,TKL,MK10_214_226_T8_0b4_O0xO,AGtSFMMT*PYVVT
8,T8,TSFMMTPYVVT_,TSFMM,T,PYVVT,-4.7506865207801745,0.27855200338429925,23046,82735,223,165,105,SLK,SLK,STK,ST,FALSE,STE,MK10_214_226_T8_0b4_O0xO,AGtSFMMT*PYVVT
8,T8,TSFMMTPYVVT_,TSFMM,T,PYVVT,-4.728811817278374,0.013960234483592193,1155,82735,222,286,82,PKN3,PKN3,STK,ST,FALSE,AGC,MK10_214_226_T8_0b4_O0xO,AGtSFMMT*PYVVT
8,T8,TSFMMTPYVVT_,TSFMM,T,PYVVT,-4.7187879541356015,0.4170302773916722,34503,82735,221,121,195,CRIK,CIT,STK,ST,FALSE,AGC,MK10_214_226_T8_0b4_O0xO,AGtSFMMT*PYVVT
8,T8,TSFMMTPYVVT_,TSFMM,T,PYVVT,-4.716814098364798,0.3176285731552547,26279,82735,220,155,155,MRCKB,CDC42BPB,STK,ST,FALSE,AGC,MK10_214_226_T8_0b4_O0xO,AGtSFMMT*PYVVT
8,T8,TSFMMTPYVVT_,TSFMM,T,PYVVT,-4.687291626716889,0.023375838520577747,1934,82735,219,278,374,LATS1,LATS1,STK,ST,FALSE,AGC,MK10_214_226_T8_0b4_O0xO,AGtSFMMT*PYVVT
8,T8,TSFMMTPYVVT_,TSFMM,T,PYVVT,-4.682855380890146,0.09682721943554723,8011,82735,218,235,112,PIM2,PIM2,STK,ST,FALSE,CAMK,MK10_214_226_T8_0b4_O0xO,AGtSFMMT*PYVVT
8,T8,TSFMMTPYVVT_,TSFMM,T,PYVVT,-4.679724074373762,0.09941379101952015,8225,82735,217,232,207,BCKDK,BCKDK,STK,ST,FALSE,PDHK,MK10_214_226_T8_0b4_O0xO,AGtSFMMT*PYVVT
8,T8,TSFMMTPYVVT_,TSFMM,T,PYVVT,-4.6334323567292275,0.09665800447210975,7997,82735,216,236,143,NEK6,NEK6,STK,ST,FALSE,Other,MK10_214_226_T8_0b4_O0xO,AGtSFMMT*PYVVT
8,T8,TSFMMTPYVVT_,TSFMM,T,PYVVT,-4.622695785145989,0.33168550190366836,27442,82735,215,146,133,BRSK2,BRSK2,STK,ST,FALSE,CAMK,MK10_214_226_T8_0b4_O0xO,AGtSFMMT*PYVVT
8,T8,TSFMMTPYVVT_,TSFMM,T,PYVVT,-4.600637093395504,0.41568864446727505,34392,82735,214,123,361,DMPK1,DMPK,STK,ST,FALSE,AGC,MK10_214_226_T8_0b4_O0xO,AGtSFMMT*PYVVT
8,T8,TSFMMTPYVVT_,TSFMM,T,PYVVT,-4.5650362000216536,0.10783827884208617,8922,82735,213,227,258,WNK1,WNK1,STK,ST,FALSE,Other,MK10_214_226_T8_0b4_O0xO,AGtSFMMT*PYVVT
8,T8,TSFMMTPYVVT_,TSFMM,T,PYVVT,-4.4658684312531145,0.07235148365262585,5986,82735,212,245,171,TLK2,TLK2,STK,ST,FALSE,Other,MK10_214_226_T8_0b4_O0xO,AGtSFMMT*PYVVT
8,T8,TSFMMTPYVVT_,TSFMM,T,PYVVT,-4.462916224024436,0.23016861062428234,19043,82735,211,178,381,PKCA,PRKCA,STK,ST,FALSE,AGC,MK10_214_226_T8_0b4_O0xO,AGtSFMMT*PYVVT
8,T8,TSFMMTPYVVT_,TSFMM,T,PYVVT,-4.459425245663008,0.4386172720130537,36289,82735,210,118,97,PKN1,PKN1,STK,ST,FALSE,AGC,MK10_214_226_T8_0b4_O0xO,AGtSFMMT*PYVVT
8,T8,TSFMMTPYVVT_,TSFMM,T,PYVVT,-4.457000065583673,0.2098628150117846,17363,82735,209,188,296,PAK3,PAK3,STK,ST,FALSE,STE,MK10_214_226_T8_0b4_O0xO,AGtSFMMT*PYVVT
8,T8,TSFMMTPYVVT_,TSFMM,T,PYVVT,-4.442124971388299,0.3834048468000242,31721,82735,208,132,275,MST1,STK4,STK,ST,FALSE,STE,MK10_214_226_T8_0b4_O0xO,AGtSFMMT*PYVVT
8,T8,TSFMMTPYVVT_,TSFMM,T,PYVVT,-4.438668776134021,0.37366289961926635,30915,82735,207,138,378,PKCE,PRKCE,STK,ST,FALSE,AGC,MK10_214_226_T8_0b4_O0xO,AGtSFMMT*PYVVT
8,T8,TSFMMTPYVVT_,TSFMM,T,PYVVT,-4.423427969427503,0.5320118450474406,44016,82735,206,102,192,TTK,TTK,STK,ST,FALSE,Other,MK10_214_226_T8_0b4_O0xO,AGtSFMMT*PYVVT
8,T8,TSFMMTPYVVT_,TSFMM,T,PYVVT,-4.418134918250655,0.0878709131564634,7270,82735,205,240,47,CHK1,CHEK1,STK,ST,FALSE,CAMK,MK10_214_226_T8_0b4_O0xO,AGtSFMMT*PYVVT
8,T8,TSFMMTPYVVT_,TSFMM,T,PYVVT,-4.407806979938657,0.04821417779657944,3989,82735,204,261,160,skMLCK,MYLK2,STK,ST,FALSE,CAMK,MK10_214_226_T8_0b4_O0xO,AGtSFMMT*PYVVT
8,T8,TSFMMTPYVVT_,TSFMM,T,PYVVT,-4.397370224004627,0.3263914909046957,27004,82735,203,151,337,MARK1,MARK1,STK,ST,FALSE,CAMK,MK10_214_226_T8_0b4_O0xO,AGtSFMMT*PYVVT
8,T8,TSFMMTPYVVT_,TSFMM,T,PYVVT,-4.383037078288861,0.17514957394089564,14491,82735,202,200,172,TLK1,TLK1,STK,ST,FALSE,Other,MK10_214_226_T8_0b4_O0xO,AGtSFMMT*PYVVT
8,T8,TSFMMTPYVVT_,TSFMM,T,PYVVT,-4.352691681637152,0.14925968453496102,12349,82735,201,208,242,TTBK2,TTBK2,STK,ST,FALSE,CK1,MK10_214_226_T8_0b4_O0xO,AGtSFMMT*PYVVT
8,T8,TSFMMTPYVVT_,TSFMM,T,PYVVT,-4.3308498809411695,0.07122741282407687,5893,82735,200,246,64,CK1A,CSNK1A1,STK,ST,FALSE,CK1,MK10_214_226_T8_0b4_O0xO,AGtSFMMT*PYVVT
8,T8,TSFMMTPYVVT_,TSFMM,T,PYVVT,-4.329139678647437,0.21684897564513206,17941,82735,199,184,331,IRE1,ERN1,STK,ST,FALSE,Other,MK10_214_226_T8_0b4_O0xO,AGtSFMMT*PYVVT
8,T8,TSFMMTPYVVT_,TSFMM,T,PYVVT,-4.302684061730046,0.23217501661932677,19209,82735,198,177,100,MYLK4,MYLK4,STK,ST,FALSE,CAMK,MK10_214_226_T8_0b4_O0xO,AGtSFMMT*PYVVT
8,T8,TSFMMTPYVVT_,TSFMM,T,PYVVT,-4.297677000272238,0.004605064362120021,381,82735,197,297,320,RAF1,RAF1,STK,ST,TRUE,TKL,MK10_214_226_T8_0b4_O0xO,AGtSFMMT*PYVVT
8,T8,TSFMMTPYVVT_,TSFMM,T,PYVVT,-4.290285224487592,0.44035776877983923,36433,82735,196,117,226,HASPIN,HASPIN,STK,ST,FALSE,Other,MK10_214_226_T8_0b4_O0xO,AGtSFMMT*PYVVT
8,T8,TSFMMTPYVVT_,TSFMM,T,PYVVT,-4.285348094211621,0.3264156644709011,27006,82735,195,150,367,CAMK1D,CAMK1D,STK,ST,FALSE,CAMK,MK10_214_226_T8_0b4_O0xO,AGtSFMMT*PYVVT
8,T8,TSFMMTPYVVT_,TSFMM,T,PYVVT,-4.275991902338137,0.3822324288390645,31624,82735,194,133,56,KHS2,MAP4K3,STK,ST,FALSE,STE,MK10_214_226_T8_0b4_O0xO,AGtSFMMT*PYVVT
8,T8,TSFMMTPYVVT_,TSFMM,T,PYVVT,-4.2716854005643015,0.08718196651961081,7213,82735,193,241,204,IKKE,IKBKE,STK,ST,FALSE,Other,MK10_214_226_T8_0b4_O0xO,AGtSFMMT*PYVVT
8,T8,TSFMMTPYVVT_,TSFMM,T,PYVVT,-4.268579303750927,0.29831389375717654,24681,82735,192,159,17,DAPK3,DAPK3,STK,ST,FALSE,CAMK,MK10_214_226_T8_0b4_O0xO,AGtSFMMT*PYVVT
8,T8,TSFMMTPYVVT_,TSFMM,T,PYVVT,-4.262861550345548,0.18288511512660904,15131,82735,191,197,366,GCN2,EIF2AK4,STK,ST,FALSE,Other,MK10_214_226_T8_0b4_O0xO,AGtSFMMT*PYVVT
8,T8,TSFMMTPYVVT_,TSFMM,T,PYVVT,-4.2564055468920285,0.1118631776152777,9255,82735,190,225,334,MARK4,MARK4,STK,ST,FALSE,CAMK,MK10_214_226_T8_0b4_O0xO,AGtSFMMT*PYVVT
8,T8,TSFMMTPYVVT_,TSFMM,T,PYVVT,-4.239913978976379,0.02799298966580045,2316,82735,189,275,19,PASK,PASK,STK,ST,FALSE,CAMK,MK10_214_226_T8_0b4_O0xO,AGtSFMMT*PYVVT
8,T8,TSFMMTPYVVT_,TSFMM,T,PYVVT,-4.209813678858061,0.23360125702544268,19327,82735,188,175,363,PKCZ,PRKCZ,STK,ST,FALSE,AGC,MK10_214_226_T8_0b4_O0xO,AGtSFMMT*PYVVT
8,T8,TSFMMTPYVVT_,TSFMM,T,PYVVT,-4.180799794345758,0.060989907536109264,5046,82735,187,257,7,TBK1,TBK1,STK,ST,FALSE,Other,MK10_214_226_T8_0b4_O0xO,AGtSFMMT*PYVVT
8,T8,TSFMMTPYVVT_,TSFMM,T,PYVVT,-4.16307272383502,0.11782196168489756,9748,82735,186,221,373,TGFBR2,TGFBR2,STK,ST,FALSE,TKL,MK10_214_226_T8_0b4_O0xO,AGtSFMMT*PYVVT
8,T8,TSFMMTPYVVT_,TSFMM,T,PYVVT,-4.160040443250921,0.31942950383755364,26428,82735,185,154,359,PKCH,PRKCH,STK,ST,FALSE,AGC,MK10_214_226_T8_0b4_O0xO,AGtSFMMT*PYVVT
8,T8,TSFMMTPYVVT_,TSFMM,T,PYVVT,-4.119665161568768,0.23264640116033117,19248,82735,184,176,22,PRKD3,PRKD3,STK,ST,FALSE,CAMK,MK10_214_226_T8_0b4_O0xO,AGtSFMMT*PYVVT
8,T8,TSFMMTPYVVT_,TSFMM,T,PYVVT,-4.114846786167525,0.3812050522753369,31539,82735,183,135,48,KHS1,MAP4K5,STK,ST,FALSE,STE,MK10_214_226_T8_0b4_O0xO,AGtSFMMT*PYVVT
8,T8,TSFMMTPYVVT_,TSFMM,T,PYVVT,-4.1046688758524414,0.3240829153320844,26813,82735,182,152,126,TNIK,TNIK,STK,ST,FALSE,STE,MK10_214_226_T8_0b4_O0xO,AGtSFMMT*PYVVT
8,T8,TSFMMTPYVVT_,TSFMM,T,PYVVT,-4.087936377502682,0.25569589653713665,21155,82735,181,169,297,PAK2,PAK2,STK,ST,FALSE,STE,MK10_214_226_T8_0b4_O0xO,AGtSFMMT*PYVVT
8,T8,TSFMMTPYVVT_,TSFMM,T,PYVVT,-4.073602051598326,0.09629540097902943,7967,82735,180,237,244,NUAK2,NUAK2,STK,ST,FALSE,CAMK,MK10_214_226_T8_0b4_O0xO,AGtSFMMT*PYVVT
8,T8,TSFMMTPYVVT_,TSFMM,T,PYVVT,-4.054121720715488,0.10939747386233153,9051,82735,179,226,298,P90RSK,RPS6KA1,STK,ST,FALSE,AGC,MK10_214_226_T8_0b4_O0xO,AGtSFMMT*PYVVT
8,T8,TSFMMTPYVVT_,TSFMM,T,PYVVT,-4.036296122271637,0.467516770411555,38680,82735,178,112,210,SNRK,SNRK,STK,ST,FALSE,CAMK,MK10_214_226_T8_0b4_O0xO,AGtSFMMT*PYVVT
8,T8,TSFMMTPYVVT_,TSFMM,T,PYVVT,-4.0275536207391305,0.12737052033601257,10538,82735,177,214,385,CAMK2D,CAMK2D,STK,ST,FALSE,CAMK,MK10_214_226_T8_0b4_O0xO,AGtSFMMT*PYVVT
8,T8,TSFMMTPYVVT_,TSFMM,T,PYVVT,-4.002398750456955,0.1662537015773252,13755,82735,176,201,66,DSTYK,DSTYK,STK,ST,FALSE,TKL,MK10_214_226_T8_0b4_O0xO,AGtSFMMT*PYVVT
8,T8,TSFMMTPYVVT_,TSFMM,T,PYVVT,-3.99016278146845,0.3197074998489152,26451,82735,175,153,37,PLK2,PLK2,STK,ST,FALSE,Other,MK10_214_226_T8_0b4_O0xO,AGtSFMMT*PYVVT
8,T8,TSFMMTPYVVT_,TSFMM,T,PYVVT,-3.9658021340336713,0.10608569529219798,8777,82735,174,228,102,CHAK2,TRPM6,STK,ST,FALSE,Alpha,MK10_214_226_T8_0b4_O0xO,AGtSFMMT*PYVVT
8,T8,TSFMMTPYVVT_,TSFMM,T,PYVVT,-3.9318169768070836,0.2520577748232308,20854,82735,173,171,272,MST3,STK24,STK,ST,FALSE,STE,MK10_214_226_T8_0b4_O0xO,AGtSFMMT*PYVVT
8,T8,TSFMMTPYVVT_,TSFMM,T,PYVVT,-3.926081073950745,0.3527285912854294,29183,82735,172,141,15,DAPK1,DAPK1,STK,ST,FALSE,CAMK,MK10_214_226_T8_0b4_O0xO,AGtSFMMT*PYVVT
8,T8,TSFMMTPYVVT_,TSFMM,T,PYVVT,-3.914632581987059,0.1578654741040672,13061,82735,171,204,86,TAO3,TAOK3,STK,ST,FALSE,STE,MK10_214_226_T8_0b4_O0xO,AGtSFMMT*PYVVT
8,T8,TSFMMTPYVVT_,TSFMM,T,PYVVT,-3.778477583799888,0.534429201667976,44216,82735,170,101,191,YSK1,STK25,STK,ST,FALSE,STE,MK10_214_226_T8_0b4_O0xO,AGtSFMMT*PYVVT
8,T8,TSFMMTPYVVT_,TSFMM,T,PYVVT,-3.7376313137527557,0.12689913579500817,10499,82735,169,215,63,CK1G2,CSNK1G2,STK,ST,FALSE,CK1,MK10_214_226_T8_0b4_O0xO,AGtSFMMT*PYVVT
8,T8,TSFMMTPYVVT_,TSFMM,T,PYVVT,-3.727933288883046,0.349223424185653,28893,82735,168,142,302,GCK,MAP4K2,STK,ST,FALSE,STE,MK10_214_226_T8_0b4_O0xO,AGtSFMMT*PYVVT
8,T8,TSFMMTPYVVT_,TSFMM,T,PYVVT,-3.722581934273812,0.22323079712334562,18469,82735,167,180,34,PLK3,PLK3,STK,ST,FALSE,Other,MK10_214_226_T8_0b4_O0xO,AGtSFMMT*PYVVT
8,T8,TSFMMTPYVVT_,TSFMM,T,PYVVT,-3.70919567843589,0.4339155133861123,35900,82735,166,119,318,LOK,STK10,STK,ST,FALSE,STE,MK10_214_226_T8_0b4_O0xO,AGtSFMMT*PYVVT
8,T8,TSFMMTPYVVT_,TSFMM,T,PYVVT,-3.6918318666468006,0.22729195624584517,18805,82735,165,179,101,DCAMKL1,DCLK1,STK,ST,FALSE,CAMK,MK10_214_226_T8_0b4_O0xO,AGtSFMMT*PYVVT
8,T8,TSFMMTPYVVT_,TSFMM,T,PYVVT,-3.682253755471741,0.46354021877077417,38351,82735,164,114,241,TTBK1,TTBK1,STK,ST,FALSE,CK1,MK10_214_226_T8_0b4_O0xO,AGtSFMMT*PYVVT
8,T8,TSFMMTPYVVT_,TSFMM,T,PYVVT,-3.6406087340631648,0.04566386656191455,3778,82735,163,262,41,CDC7,CDC7,STK,ST,FALSE,Other,MK10_214_226_T8_0b4_O0xO,AGtSFMMT*PYVVT
8,T8,TSFMMTPYVVT_,TSFMM,T,PYVVT,-3.6397459834668546,0.061255816764368164,5068,82735,162,256,347,BMPR1B,BMPR1B,STK,ST,FALSE,TKL,MK10_214_226_T8_0b4_O0xO,AGtSFMMT*PYVVT
8,T8,TSFMMTPYVVT_,TSFMM,T,PYVVT,-3.6349577407703233,0.3548437783283979,29358,82735,161,140,119,QIK,SIK2,STK,ST,FALSE,CAMK,MK10_214_226_T8_0b4_O0xO,AGtSFMMT*PYVVT
8,T8,TSFMMTPYVVT_,TSFMM,T,PYVVT,-3.631118081663001,0.4628270985677162,38292,82735,160,115,271,MST2,STK3,STK,ST,FALSE,STE,MK10_214_226_T8_0b4_O0xO,AGtSFMMT*PYVVT
8,T8,TSFMMTPYVVT_,TSFMM,T,PYVVT,-3.5894975186220552,0.3374871577929534,27922,82735,159,144,327,IRE2,ERN2,STK,ST,FALSE,Other,MK10_214_226_T8_0b4_O0xO,AGtSFMMT*PYVVT
8,T8,TSFMMTPYVVT_,TSFMM,T,PYVVT,-3.5851066442447284,0.036453737837674506,3016,82735,158,271,61,CK1E,CSNK1E,STK,ST,FALSE,CK1,MK10_214_226_T8_0b4_O0xO,AGtSFMMT*PYVVT
8,T8,TSFMMTPYVVT_,TSFMM,T,PYVVT,-3.500003108647066,0.19463346830241132,16103,82735,157,193,193,YSK4,MAP3K19,STK,ST,FALSE,STE,MK10_214_226_T8_0b4_O0xO,AGtSFMMT*PYVVT
8,T8,TSFMMTPYVVT_,TSFMM,T,PYVVT,-3.4805216777001897,0.22190125098205113,18359,82735,156,181,369,HUNK,HUNK,STK,ST,FALSE,CAMK,MK10_214_226_T8_0b4_O0xO,AGtSFMMT*PYVVT
8,T8,TSFMMTPYVVT_,TSFMM,T,PYVVT,-3.4783015959347168,0.184722306158216,15283,82735,155,196,247,SRPK3,SRPK3,STK,ST,FALSE,CMGC,MK10_214_226_T8_0b4_O0xO,AGtSFMMT*PYVVT
8,T8,TSFMMTPYVVT_,TSFMM,T,PYVVT,-3.451347705169659,0.5395539977035112,44640,82735,154,99,53,MINK,MINK1,STK,ST,FALSE,STE,MK10_214_226_T8_0b4_O0xO,AGtSFMMT*PYVVT
8,T8,TSFMMTPYVVT_,TSFMM,T,PYVVT,-3.444132597220676,0.2915090348703693,24118,82735,153,163,344,CLK1,CLK1,STK,ST,FALSE,CMGC,MK10_214_226_T8_0b4_O0xO,AGtSFMMT*PYVVT
8,T8,TSFMMTPYVVT_,TSFMM,T,PYVVT,-3.4264569286149538,0.8294917507705324,68628,82735,152,31,18,STLK3,STK39,STK,ST,FALSE,STE,MK10_214_226_T8_0b4_O0xO,AGtSFMMT*PYVVT
8,T8,TSFMMTPYVVT_,TSFMM,T,PYVVT,-3.407390017209056,0.41333172176225297,34197,82735,151,124,313,MLK4,MAP3K21,STK,ST,FALSE,TKL,MK10_214_226_T8_0b4_O0xO,AGtSFMMT*PYVVT
8,T8,TSFMMTPYVVT_,TSFMM,T,PYVVT,-3.3557464201773453,0.2551399045144135,21109,82735,150,170,230,ULK2,ULK2,STK,ST,FALSE,Other,MK10_214_226_T8_0b4_O0xO,AGtSFMMT*PYVVT
8,T8,TSFMMTPYVVT_,TSFMM,T,PYVVT,-3.3240626392984356,0.006224693297878769,515,82735,149,292,325,GRK5,GRK5,STK,ST,FALSE,AGC,MK10_214_226_T8_0b4_O0xO,AGtSFMMT*PYVVT
8,T8,TSFMMTPYVVT_,TSFMM,T,PYVVT,-3.316565331300609,0.6662718317519792,55124,82735,148,68,84,TAO1,TAOK1,STK,ST,FALSE,STE,MK10_214_226_T8_0b4_O0xO,AGtSFMMT*PYVVT
8,T8,TSFMMTPYVVT_,TSFMM,T,PYVVT,-3.313416381966902,0.5420076146733547,44843,82735,147,97,45,CHK2,CHEK2,STK,ST,FALSE,CAMK,MK10_214_226_T8_0b4_O0xO,AGtSFMMT*PYVVT
8,T8,TSFMMTPYVVT_,TSFMM,T,PYVVT,-3.244137848595069,0.201124070828549,16640,82735,146,190,308,MLK1,MAP3K9,STK,ST,FALSE,TKL,MK10_214_226_T8_0b4_O0xO,AGtSFMMT*PYVVT
8,T8,TSFMMTPYVVT_,TSFMM,T,PYVVT,-3.224287861649919,0.38379162385930987,31753,82735,145,131,104,CHAK1,TRPM7,STK,ST,FALSE,Alpha,MK10_214_226_T8_0b4_O0xO,AGtSFMMT*PYVVT
8,T8,TSFMMTPYVVT_,TSFMM,T,PYVVT,-3.204600919608111,0.48303619991539254,39964,82735,144,107,125,MAPKAPK5,MAPKAPK5,STK,ST,FALSE,CAMK,MK10_214_226_T8_0b4_O0xO,AGtSFMMT*PYVVT
8,T8,TSFMMTPYVVT_,TSFMM,T,PYVVT,-3.1887281994750003,0.47852782981809394,39591,82735,143,108,336,MARK2,MARK2,STK,ST,FALSE,CAMK,MK10_214_226_T8_0b4_O0xO,AGtSFMMT*PYVVT
8,T8,TSFMMTPYVVT_,TSFMM,T,PYVVT,-3.1757363139737396,0.5548316915452952,45904,82735,142,91,362,EEF2K,EEF2K,STK,ST,FALSE,Alpha,MK10_214_226_T8_0b4_O0xO,AGtSFMMT*PYVVT
8,T8,TSFMMTPYVVT_,TSFMM,T,PYVVT,-3.089513611447367,0.6552607723454402,54213,82735,141,70,117,VRK1,VRK1,STK,ST,FALSE,CK1,MK10_214_226_T8_0b4_O0xO,AGtSFMMT*PYVVT
8,T8,TSFMMTPYVVT_,TSFMM,T,PYVVT,-3.07300506609037,0.11320481053967486,9366,82735,140,224,323,GRK3,GRK3,STK,ST,FALSE,AGC,MK10_214_226_T8_0b4_O0xO,AGtSFMMT*PYVVT
8,T8,TSFMMTPYVVT_,TSFMM,T,PYVVT,-3.068157671196436,0.3292077113676195,27237,82735,139,148,144,NEK7,NEK7,STK,ST,FALSE,Other,MK10_214_226_T8_0b4_O0xO,AGtSFMMT*PYVVT
8,T8,TSFMMTPYVVT_,TSFMM,T,PYVVT,-3.0526164342174553,0.382099474224935,31613,82735,138,134,310,MLK3,MAP3K11,STK,ST,FALSE,TKL,MK10_214_226_T8_0b4_O0xO,AGtSFMMT*PYVVT
8,T8,TSFMMTPYVVT_,TSFMM,T,PYVVT,-2.959186373960531,0.638979875506134,52866,82735,137,74,368,AlphaK3,ALPK1,STK,ST,FALSE,Alpha,MK10_214_226_T8_0b4_O0xO,AGtSFMMT*PYVVT
8,T8,TSFMMTPYVVT_,TSFMM,T,PYVVT,-2.9582612091094984,0.21426240406115912,17727,82735,136,186,260,ATM,ATM,STK,ST,FALSE,PIKK,MK10_214_226_T8_0b4_O0xO,AGtSFMMT*PYVVT
8,T8,TSFMMTPYVVT_,TSFMM,T,PYVVT,-2.945085290560944,0.5590620656312323,46254,82735,135,89,319,HGK,MAP4K4,STK,ST,FALSE,STE,MK10_214_226_T8_0b4_O0xO,AGtSFMMT*PYVVT
8,T8,TSFMMTPYVVT_,TSFMM,T,PYVVT,-2.932308123849144,0.29577566930561433,24471,82735,134,160,38,PLK1,PLK1,STK,ST,FALSE,Other,MK10_214_226_T8_0b4_O0xO,AGtSFMMT*PYVVT
8,T8,TSFMMTPYVVT_,TSFMM,T,PYVVT,-2.9218708806933256,0.1508551399045144,12481,82735,133,207,330,GRK6,GRK6,STK,ST,FALSE,AGC,MK10_214_226_T8_0b4_O0xO,AGtSFMMT*PYVVT
8,T8,TSFMMTPYVVT_,TSFMM,T,PYVVT,-2.920789264916004,0.36060917386837493,29835,82735,132,139,54,HRI,EIF2AK1,STK,ST,FALSE,Other,MK10_214_226_T8_0b4_O0xO,AGtSFMMT*PYVVT
8,T8,TSFMMTPYVVT_,TSFMM,T,PYVVT,-2.893381032745861,0.28726657400132954,23767,82735,131,164,65,CK1G3,CSNK1G3,STK,ST,FALSE,CK1,MK10_214_226_T8_0b4_O0xO,AGtSFMMT*PYVVT
8,T8,TSFMMTPYVVT_,TSFMM,T,PYVVT,-2.8679697613896717,0.5997099172055358,49617,82735,130,85,42,HPK1,MAP4K1,STK,ST,FALSE,STE,MK10_214_226_T8_0b4_O0xO,AGtSFMMT*PYVVT
8,T8,TSFMMTPYVVT_,TSFMM,T,PYVVT,-2.844810991711069,0.7564271469148486,62583,82735,129,53,180,MYO3B,MYO3B,STK,ST,FALSE,STE,MK10_214_226_T8_0b4_O0xO,AGtSFMMT*PYVVT
8,T8,TSFMMTPYVVT_,TSFMM,T,PYVVT,-2.7931569154792197,0.31359158759896055,25945,82735,128,157,339,CLK4,CLK4,STK,ST,FALSE,CMGC,MK10_214_226_T8_0b4_O0xO,AGtSFMMT*PYVVT
8,T8,TSFMMTPYVVT_,TSFMM,T,PYVVT,-2.771187580660845,0.46698495195503714,38636,82735,127,113,29,NIM1,NIM1K,STK,ST,FALSE,CAMK,MK10_214_226_T8_0b4_O0xO,AGtSFMMT*PYVVT
8,T8,TSFMMTPYVVT_,TSFMM,T,PYVVT,-2.7700930722414303,0.27038133800688946,22370,82735,126,167,392,ACVR2A,ACVR2A,STK,ST,FALSE,TKL,MK10_214_226_T8_0b4_O0xO,AGtSFMMT*PYVVT
8,T8,TSFMMTPYVVT_,TSFMM,T,PYVVT,-2.7510212846443682,0.2371426844745271,19620,82735,125,174,182,PKR,EIF2AK2,STK,ST,FALSE,Other,MK10_214_226_T8_0b4_O0xO,AGtSFMMT*PYVVT
8,T8,TSFMMTPYVVT_,TSFMM,T,PYVVT,-2.7423930618600623,0.37794162083761407,31269,82735,124,137,40,BRAF,BRAF,STK,ST,TRUE,TKL,MK10_214_226_T8_0b4_O0xO,AGtSFMMT*PYVVT
8,T8,TSFMMTPYVVT_,TSFMM,T,PYVVT,-2.724782200732083,0.4496645917689007,37203,82735,123,116,237,WNK4,WNK4,STK,ST,FALSE,Other,MK10_214_226_T8_0b4_O0xO,AGtSFMMT*PYVVT
8,T8,TSFMMTPYVVT_,TSFMM,T,PYVVT,-2.7019154986558997,0.31295098809451866,25892,82735,122,158,391,ACVR2B,ACVR2B,STK,ST,FALSE,TKL,MK10_214_226_T8_0b4_O0xO,AGtSFMMT*PYVVT
8,T8,TSFMMTPYVVT_,TSFMM,T,PYVVT,-2.6991783651855887,0.5847827400737293,48382,82735,121,88,358,PKCI,PRKCI,STK,ST,FALSE,AGC,MK10_214_226_T8_0b4_O0xO,AGtSFMMT*PYVVT
8,T8,TSFMMTPYVVT_,TSFMM,T,PYVVT,-2.6986227789136112,0.5509397473862332,45582,82735,120,92,139,NEK8,NEK8,STK,ST,FALSE,Other,MK10_214_226_T8_0b4_O0xO,AGtSFMMT*PYVVT
8,T8,TSFMMTPYVVT_,TSFMM,T,PYVVT,-2.693751815149674,0.3891460687737959,32196,82735,119,127,259,WNK3,WNK3,STK,ST,FALSE,Other,MK10_214_226_T8_0b4_O0xO,AGtSFMMT*PYVVT
8,T8,TSFMMTPYVVT_,TSFMM,T,PYVVT,-2.648959800531581,0.34669728651719345,28684,82735,118,143,215,DRAK1,STK17A,STK,ST,FALSE,CAMK,MK10_214_226_T8_0b4_O0xO,AGtSFMMT*PYVVT
8,T8,TSFMMTPYVVT_,TSFMM,T,PYVVT,-2.624840548959031,0.545367740375899,45121,82735,117,95,232,ULK1,ULK1,STK,ST,FALSE,Other,MK10_214_226_T8_0b4_O0xO,AGtSFMMT*PYVVT
8,T8,TSFMMTPYVVT_,TSFMM,T,PYVVT,-2.5626993210718276,0.7336919078987127,60702,82735,116,57,28,TAK1,MAP3K7,STK,ST,FALSE,TKL,MK10_214_226_T8_0b4_O0xO,AGtSFMMT*PYVVT
8,T8,TSFMMTPYVVT_,TSFMM,T,PYVVT,-2.5557423481205435,0.10554179005257751,8732,82735,115,229,80,DLK,MAP3K12,STK,ST,FALSE,TKL,MK10_214_226_T8_0b4_O0xO,AGtSFMMT*PYVVT
8,T8,TSFMMTPYVVT_,TSFMM,T,PYVVT,-2.5432483479928965,0.8231099292923189,68100,82735,114,35,183,MYO3A,MYO3A,STK,ST,FALSE,STE,MK10_214_226_T8_0b4_O0xO,AGtSFMMT*PYVVT
8,T8,TSFMMTPYVVT_,TSFMM,T,PYVVT,-2.5415445819796485,0.697322777542757,57693,82735,113,61,31,PLK4,PLK4,STK,ST,FALSE,Other,MK10_214_226_T8_0b4_O0xO,AGtSFMMT*PYVVT
8,T8,TSFMMTPYVVT_,TSFMM,T,PYVVT,-2.4772170351703253,0.07058681331963498,5840,82735,112,248,389,CAMK2G,CAMK2G,STK,ST,FALSE,CAMK,MK10_214_226_T8_0b4_O0xO,AGtSFMMT*PYVVT
8,T8,TSFMMTPYVVT_,TSFMM,T,PYVVT,-2.4698040907813947,0.538998005680788,44594,82735,111,100,351,BMPR1A,BMPR1A,STK,ST,FALSE,TKL,MK10_214_226_T8_0b4_O0xO,AGtSFMMT*PYVVT
8,T8,TSFMMTPYVVT_,TSFMM,T,PYVVT,-2.347000769678443,0.3274067806853206,27088,82735,110,149,270,ANKRD3,RIPK4,STK,ST,FALSE,TKL,MK10_214_226_T8_0b4_O0xO,AGtSFMMT*PYVVT
8,T8,TSFMMTPYVVT_,TSFMM,T,PYVVT,-2.310493176766978,0.5268991357950081,43593,82735,109,103,103,DCAMKL2,DCLK2,STK,ST,FALSE,CAMK,MK10_214_226_T8_0b4_O0xO,AGtSFMMT*PYVVT
8,T8,TSFMMTPYVVT_,TSFMM,T,PYVVT,-2.1998267850728337,0.023267057472653653,1925,82735,108,279,303,MOS,MOS,STK,ST,FALSE,Other,MK10_214_226_T8_0b4_O0xO,AGtSFMMT*PYVVT
8,T8,TSFMMTPYVVT_,TSFMM,T,PYVVT,-2.180951794700279,0.17634616546806067,14590,82735,107,198,206,MTOR,MTOR,STK,ST,FALSE,PIKK,MK10_214_226_T8_0b4_O0xO,AGtSFMMT*PYVVT
8,T8,TSFMMTPYVVT_,TSFMM,T,PYVVT,-2.0831209476536054,0.6021514473922766,49819,82735,106,84,370,IRAK4,IRAK4,STK,ST,FALSE,TKL,MK10_214_226_T8_0b4_O0xO,AGtSFMMT*PYVVT
8,T8,TSFMMTPYVVT_,TSFMM,T,PYVVT,-2.0094701393709515,0.06870127515561733,5684,82735,105,253,365,CAMK1B,PNCK,STK,ST,FALSE,CAMK,MK10_214_226_T8_0b4_O0xO,AGtSFMMT*PYVVT
8,T8,TSFMMTPYVVT_,TSFMM,T,PYVVT,-1.9596512974140388,0.7538405753308757,62369,82735,104,54,107,NEK1,NEK1,STK,ST,FALSE,Other,MK10_214_226_T8_0b4_O0xO,AGtSFMMT*PYVVT
8,T8,TSFMMTPYVVT_,TSFMM,T,PYVVT,-1.9472153183739749,0.6109022783586149,50543,82735,103,83,289,PERK,EIF2AK3,STK,ST,FALSE,Other,MK10_214_226_T8_0b4_O0xO,AGtSFMMT*PYVVT
8,T8,TSFMMTPYVVT_,TSFMM,T,PYVVT,-1.928913865515329,0.705263794041216,58350,82735,102,60,87,TAO2,TAOK2,STK,ST,FALSE,STE,MK10_214_226_T8_0b4_O0xO,AGtSFMMT*PYVVT
8,T8,TSFMMTPYVVT_,TSFMM,T,PYVVT,-1.9194353959481951,0.6880038677705929,56922,82735,101,64,213,ZAK,MAP3K20,STK,ST,FALSE,TKL,MK10_214_226_T8_0b4_O0xO,AGtSFMMT*PYVVT
8,T8,TSFMMTPYVVT_,TSFMM,T,PYVVT,-1.882382615211022,0.5398199069317701,44662,82735,100,98,333,RIPK1,RIPK1,STK,ST,FALSE,TKL,MK10_214_226_T8_0b4_O0xO,AGtSFMMT*PYVVT
8,T8,TSFMMTPYVVT_,TSFMM,T,PYVVT,-1.8809720459287584,0.7238411796700308,59887,82735,99,58,141,NEK4,NEK4,STK,ST,FALSE,Other,MK10_214_226_T8_0b4_O0xO,AGtSFMMT*PYVVT
8,T8,TSFMMTPYVVT_,TSFMM,T,PYVVT,-1.8551226547642767,0.47493805523659877,39294,82735,98,111,92,HIPK2,HIPK2,STK,ST,FALSE,CMGC,MK10_214_226_T8_0b4_O0xO,AGtSFMMT*PYVVT
8,T8,TSFMMTPYVVT_,TSFMM,T,PYVVT,-1.8397491316388037,0.4768356801837191,39451,82735,97,109,293,DNAPK,PRKDC,STK,ST,FALSE,PIKK,MK10_214_226_T8_0b4_O0xO,AGtSFMMT*PYVVT
8,T8,TSFMMTPYVVT_,TSFMM,T,PYVVT,-1.7919714180513897,0.6193146793980782,51239,82735,96,82,250,MEKK3,MAP3K3,STK,ST,FALSE,STE,MK10_214_226_T8_0b4_O0xO,AGtSFMMT*PYVVT
8,T8,TSFMMTPYVVT_,TSFMM,T,PYVVT,-1.7793593805060537,0.6791321689732278,56188,82735,95,66,175,smMLCK,MYLK,STK,ST,FALSE,CAMK,MK10_214_226_T8_0b4_O0xO,AGtSFMMT*PYVVT
8,T8,TSFMMTPYVVT_,TSFMM,T,PYVVT,-1.7455349268242388,0.6509216172115792,53854,82735,94,71,249,MEKK1,MAP3K1,STK,ST,FALSE,STE,MK10_214_226_T8_0b4_O0xO,AGtSFMMT*PYVVT
8,T8,TSFMMTPYVVT_,TSFMM,T,PYVVT,-1.7180383124464185,0.38771982836767993,32078,82735,93,128,372,TGFBR1,TGFBR1,STK,ST,FALSE,TKL,MK10_214_226_T8_0b4_O0xO,AGtSFMMT*PYVVT
8,T8,TSFMMTPYVVT_,TSFMM,T,PYVVT,-1.70096231994568,0.5853024717471444,48425,82735,92,87,108,NEK2,NEK2,STK,ST,FALSE,Other,MK10_214_226_T8_0b4_O0xO,AGtSFMMT*PYVVT
8,T8,TSFMMTPYVVT_,TSFMM,T,PYVVT,-1.6921608333959277,0.6464857678128966,53487,82735,91,72,390,SBK,SBK1,STK,ST,FALSE,Other,MK10_214_226_T8_0b4_O0xO,AGtSFMMT*PYVVT
8,T8,TSFMMTPYVVT_,TSFMM,T,PYVVT,-1.6841254964564196,0.4165709796337705,34465,82735,90,122,113,CDKL5,CDKL5,STK,ST,FALSE,CMGC,MK10_214_226_T8_0b4_O0xO,AGtSFMMT*PYVVT
8,T8,TSFMMTPYVVT_,TSFMM,T,PYVVT,-1.67111174647997,0.5265486190850305,43564,82735,89,104,140,NEK9,NEK9,STK,ST,FALSE,Other,MK10_214_226_T8_0b4_O0xO,AGtSFMMT*PYVVT
8,T8,TSFMMTPYVVT_,TSFMM,T,PYVVT,-1.6659640542406158,0.39292923188493384,32509,82735,88,126,88,HIPK4,HIPK4,STK,ST,FALSE,CMGC,MK10_214_226_T8_0b4_O0xO,AGtSFMMT*PYVVT
8,T8,TSFMMTPYVVT_,TSFMM,T,PYVVT,-1.6629814274766126,0.7690940956064544,63631,82735,87,51,279,GAK,GAK,STK,ST,FALSE,Other,MK10_214_226_T8_0b4_O0xO,AGtSFMMT*PYVVT
8,T8,TSFMMTPYVVT_,TSFMM,T,PYVVT,-1.654689272079696,0.17611651658910982,14571,82735,86,199,208,NIK,MAP3K14,STK,ST,FALSE,STE,MK10_214_226_T8_0b4_O0xO,AGtSFMMT*PYVVT
8,T8,TSFMMTPYVVT_,TSFMM,T,PYVVT,-1.6268178052492392,0.09166616305070406,7584,82735,85,239,356,GSK3A,GSK3A,STK,ST,FALSE,CMGC,MK10_214_226_T8_0b4_O0xO,AGtSFMMT*PYVVT
8,T8,TSFMMTPYVVT_,TSFMM,T,PYVVT,-1.6197707249641802,0.15995648758083036,13234,82735,84,203,324,GRK2,GRK2,STK,ST,FALSE,AGC,MK10_214_226_T8_0b4_O0xO,AGtSFMMT*PYVVT
8,T8,TSFMMTPYVVT_,TSFMM,T,PYVVT,-1.591127420877343,0.524505952740678,43395,82735,83,105,281,KIS,UHMK1,STK,ST,FALSE,Other,MK10_214_226_T8_0b4_O0xO,AGtSFMMT*PYVVT
8,T8,TSFMMTPYVVT_,TSFMM,T,PYVVT,-1.5908846145763391,0.8616063334743458,71285,82735,82,25,72,RIPK2,RIPK2,STK,ST,FALSE,TKL,MK10_214_226_T8_0b4_O0xO,AGtSFMMT*PYVVT
8,T8,TSFMMTPYVVT_,TSFMM,T,PYVVT,-1.5823938636736743,0.20102737656372757,16632,82735,81,191,135,CK1A2,CSNK1A1L,STK,ST,FALSE,CK1,MK10_214_226_T8_0b4_O0xO,AGtSFMMT*PYVVT
8,T8,TSFMMTPYVVT_,TSFMM,T,PYVVT,-1.5170289617939479,0.5219556415060131,43184,82735,80,106,309,MLK2,MAP3K10,STK,ST,FALSE,TKL,MK10_214_226_T8_0b4_O0xO,AGtSFMMT*PYVVT
8,T8,TSFMMTPYVVT_,TSFMM,T,PYVVT,-1.5009932312517493,0.6318003263431438,52272,82735,79,76,21,MPSK1,STK16,STK,ST,FALSE,Other,MK10_214_226_T8_0b4_O0xO,AGtSFMMT*PYVVT
8,T8,TSFMMTPYVVT_,TSFMM,T,PYVVT,-1.4965053088251055,0.6900102737656373,57088,82735,78,63,142,NEK5,NEK5,STK,ST,FALSE,Other,MK10_214_226_T8_0b4_O0xO,AGtSFMMT*PYVVT
8,T8,TSFMMTPYVVT_,TSFMM,T,PYVVT,-1.4581541188351046,0.6269535263189702,51871,82735,77,81,278,ALK2,ACVR1,STK,ST,FALSE,TKL,MK10_214_226_T8_0b4_O0xO,AGtSFMMT*PYVVT
8,T8,TSFMMTPYVVT_,TSFMM,T,PYVVT,-1.4476866345590687,0.11846256118933945,9801,82735,76,220,261,ATR,ATR,STK,ST,FALSE,PIKK,MK10_214_226_T8_0b4_O0xO,AGtSFMMT*PYVVT
8,T8,TSFMMTPYVVT_,TSFMM,T,PYVVT,-1.433773144810138,0.051247960355351424,4240,82735,75,259,62,CK1D,CSNK1D,STK,ST,FALSE,CK1,MK10_214_226_T8_0b4_O0xO,AGtSFMMT*PYVVT
8,T8,TSFMMTPYVVT_,TSFMM,T,PYVVT,-1.4072761664614741,0.41302955218468607,34172,82735,74,125,174,PDHK1,PDK1,STK,STY,FALSE,PDHK,MK10_214_226_T8_0b4_O0xO,AGtSFMMT*PYVVT
8,T8,TSFMMTPYVVT_,TSFMM,T,PYVVT,-1.3675241833875118,0.745814951350698,61705,82735,73,56,252,MEKK2,MAP3K2,STK,ST,FALSE,STE,MK10_214_226_T8_0b4_O0xO,AGtSFMMT*PYVVT
8,T8,TSFMMTPYVVT_,TSFMM,T,PYVVT,-1.3228993383108012,0.5552305553876836,45937,82735,72,90,123,MAK,MAK,STK,ST,FALSE,CMGC,MK10_214_226_T8_0b4_O0xO,AGtSFMMT*PYVVT
8,T8,TSFMMTPYVVT_,TSFMM,T,PYVVT,-1.315217416828598,0.7948026832658488,65758,82735,71,47,326,IRAK1,IRAK1,STK,ST,FALSE,TKL,MK10_214_226_T8_0b4_O0xO,AGtSFMMT*PYVVT
8,T8,TSFMMTPYVVT_,TSFMM,T,PYVVT,-1.277285625539288,0.8413730585604642,69611,82735,70,29,291,CAMKK1,CAMKK1,STK,ST,FALSE,Other,MK10_214_226_T8_0b4_O0xO,AGtSFMMT*PYVVT
8,T8,TSFMMTPYVVT_,TSFMM,T,PYVVT,-1.1850285299358148,0.42834350637577806,35439,82735,69,120,177,caMLCK,MYLK3,STK,ST,FALSE,CAMK,MK10_214_226_T8_0b4_O0xO,AGtSFMMT*PYVVT
8,T8,TSFMMTPYVVT_,TSFMM,T,PYVVT,-1.167926761183908,0.3163232005801656,26171,82735,68,156,173,PDHK4,PDK4,STK,STY,FALSE,PDHK,MK10_214_226_T8_0b4_O0xO,AGtSFMMT*PYVVT
8,T8,TSFMMTPYVVT_,TSFMM,T,PYVVT,-1.1616278307478995,0.3803348038919442,31467,82735,67,136,130,CDKL1,CDKL1,STK,ST,FALSE,CMGC,MK10_214_226_T8_0b4_O0xO,AGtSFMMT*PYVVT
8,T8,TSFMMTPYVVT_,TSFMM,T,PYVVT,-1.072730713345365,0.47611047319755845,39391,82735,66,110,16,DAPK2,DAPK2,STK,ST,FALSE,CAMK,MK10_214_226_T8_0b4_O0xO,AGtSFMMT*PYVVT
8,T8,TSFMMTPYVVT_,TSFMM,T,PYVVT,-1.0216276048483706,0.8485767812896597,70207,82735,65,28,83,MEK5,MAP2K5,STK,ST,TRUE,STE,MK10_214_226_T8_0b4_O0xO,AGtSFMMT*PYVVT
8,T8,TSFMMTPYVVT_,TSFMM,T,PYVVT,-0.9919501805704114,0.5444854052094035,45048,82735,64,96,312,YANK3,STK32C,STK,ST,FALSE,AGC,MK10_214_226_T8_0b4_O0xO,AGtSFMMT*PYVVT
8,T8,TSFMMTPYVVT_,TSFMM,T,PYVVT,-0.9093102184296636,0.07890252009427691,6528,82735,63,243,332,PRPK,TP53RK,STK,ST,FALSE,Other,MK10_214_226_T8_0b4_O0xO,AGtSFMMT*PYVVT
8,T8,TSFMMTPYVVT_,TSFMM,T,PYVVT,-0.8978679213687353,0.913797062911706,75603,82735,62,16,158,AAK1,AAK1,STK,ST,FALSE,Other,MK10_214_226_T8_0b4_O0xO,AGtSFMMT*PYVVT
8,T8,TSFMMTPYVVT_,TSFMM,T,PYVVT,-0.8932950844126522,0.8677585060736085,71794,82735,61,24,248,MEKK6,MAP3K6,STK,ST,FALSE,STE,MK10_214_226_T8_0b4_O0xO,AGtSFMMT*PYVVT
8,T8,TSFMMTPYVVT_,TSFMM,T,PYVVT,-0.8520049781184653,0.8538707922886324,70645,82735,60,27,138,STK33,STK33,STK,ST,FALSE,CAMK,MK10_214_226_T8_0b4_O0xO,AGtSFMMT*PYVVT
8,T8,TSFMMTPYVVT_,TSFMM,T,PYVVT,-0.8286665542201193,0.6361878286094156,52635,82735,59,75,276,ALK4,ACVR1B,STK,ST,FALSE,TKL,MK10_214_226_T8_0b4_O0xO,AGtSFMMT*PYVVT
8,T8,TSFMMTPYVVT_,TSFMM,T,PYVVT,-0.7113182723824167,0.8557684172357527,70802,82735,58,26,218,PDK1,PDPK1,STK,ST,FALSE,AGC,MK10_214_226_T8_0b4_O0xO,AGtSFMMT*PYVVT
8,T8,TSFMMTPYVVT_,TSFMM,T,PYVVT,-0.6572494849312011,0.6464615942466913,53485,82735,57,73,154,CDK3,CDK3,STK,ST,FALSE,CMGC,MK10_214_226_T8_0b4_O0xO,AGtSFMMT*PYVVT
8,T8,TSFMMTPYVVT_,TSFMM,T,PYVVT,-0.5936626394270661,0.6304949537680546,52164,82735,56,79,301,MOK,MOK,STK,ST,FALSE,CMGC,MK10_214_226_T8_0b4_O0xO,AGtSFMMT*PYVVT
8,T8,TSFMMTPYVVT_,TSFMM,T,PYVVT,-0.5914678464463695,0.38682540641808183,32004,82735,55,129,166,BMPR2,BMPR2,STK,ST,FALSE,TKL,MK10_214_226_T8_0b4_O0xO,AGtSFMMT*PYVVT
8,T8,TSFMMTPYVVT_,TSFMM,T,PYVVT,-0.5297909208512618,0.7968936967426119,65931,82735,54,46,371,MASTL,MASTL,STK,ST,FALSE,AGC,MK10_214_226_T8_0b4_O0xO,AGtSFMMT*PYVVT
8,T8,TSFMMTPYVVT_,TSFMM,T,PYVVT,-0.4999109456349042,0.8110956668882577,67106,82735,53,40,311,YANK2,STK32B,STK,ST,FALSE,AGC,MK10_214_226_T8_0b4_O0xO,AGtSFMMT*PYVVT
8,T8,TSFMMTPYVVT_,TSFMM,T,PYVVT,-0.44172027259455204,0.9296549223424185,76915,82735,52,12,150,MAP3K15,MAP3K15,STK,ST,FALSE,STE,MK10_214_226_T8_0b4_O0xO,AGtSFMMT*PYVVT
8,T8,TSFMMTPYVVT_,TSFMM,T,PYVVT,-0.4344848506476533,0.54952559376322,45465,82735,51,93,90,HIPK1,HIPK1,STK,ST,FALSE,CMGC,MK10_214_226_T8_0b4_O0xO,AGtSFMMT*PYVVT
8,T8,TSFMMTPYVVT_,TSFMM,T,PYVVT,-0.4131342269017105,0.9030639995165287,74715,82735,50,19,67,PBK,PBK,STK,ST,FALSE,Other,MK10_214_226_T8_0b4_O0xO,AGtSFMMT*PYVVT
8,T8,TSFMMTPYVVT_,TSFMM,T,PYVVT,-0.3976537403859973,0.8961020124493866,74139,82735,49,20,194,LKB1,STK11,STK,ST,FALSE,CAMK,MK10_214_226_T8_0b4_O0xO,AGtSFMMT*PYVVT
8,T8,TSFMMTPYVVT_,TSFMM,T,PYVVT,-0.38315094949683687,0.9344412884510788,77311,82735,48,10,168,LRRK2,LRRK2,STK,ST,FALSE,TKL,MK10_214_226_T8_0b4_O0xO,AGtSFMMT*PYVVT
8,T8,TSFMMTPYVVT_,TSFMM,T,PYVVT,-0.36335097795971216,0.9311657702302533,77040,82735,47,11,292,CAMKK2,CAMKK2,STK,ST,FALSE,Other,MK10_214_226_T8_0b4_O0xO,AGtSFMMT*PYVVT
8,T8,TSFMMTPYVVT_,TSFMM,T,PYVVT,-0.3344598181674828,0.9477730102133317,78414,82735,46,8,395,BIKE,BMP2K,STK,ST,FALSE,Other,MK10_214_226_T8_0b4_O0xO,AGtSFMMT*PYVVT
8,T8,TSFMMTPYVVT_,TSFMM,T,PYVVT,-0.32256216398856474,0.9820511270925243,81250,82735,45,2,96,MEK2,MAP2K2,STK,ST,TRUE,STE,MK10_214_226_T8_0b4_O0xO,AGtSFMMT*PYVVT
8,T8,TSFMMTPYVVT_,TSFMM,T,PYVVT,-0.29246343400287245,0.935106061521726,77366,82735,44,9,94,MEK1,MAP2K1,STK,ST,TRUE,STE,MK10_214_226_T8_0b4_O0xO,AGtSFMMT*PYVVT
8,T8,TSFMMTPYVVT_,TSFMM,T,PYVVT,-0.2640050607581627,0.6285973288209343,52007,82735,43,80,355,DYRK3,DYRK3,STK,ST,FALSE,CMGC,MK10_214_226_T8_0b4_O0xO,AGtSFMMT*PYVVT
8,T8,TSFMMTPYVVT_,TSFMM,T,PYVVT,-0.26069802979187195,0.32942527346346767,27255,82735,42,147,354,GSK3B,GSK3B,STK,ST,FALSE,CMGC,MK10_214_226_T8_0b4_O0xO,AGtSFMMT*PYVVT
8,T8,TSFMMTPYVVT_,TSFMM,T,PYVVT,-0.10608967060638347,0.5475071009850728,45298,82735,41,94,255,ICK,CILK1,STK,ST,FALSE,CMGC,MK10_214_226_T8_0b4_O0xO,AGtSFMMT*PYVVT
8,T8,TSFMMTPYVVT_,TSFMM,T,PYVVT,-0.06828476999231792,0.9752220946395117,80685,82735,40,3,89,ASK1,MAP3K5,STK,ST,FALSE,STE,MK10_214_226_T8_0b4_O0xO,AGtSFMMT*PYVVT
8,T8,TSFMMTPYVVT_,TSFMM,T,PYVVT,0.0012029425584284548,0.6875566567957938,56885,82735,39,65,55,CDK16,CDK16,STK,ST,FALSE,CMGC,MK10_214_226_T8_0b4_O0xO,AGtSFMMT*PYVVT
8,T8,TSFMMTPYVVT_,TSFMM,T,PYVVT,0.018528461405241864,0.5977397715597994,49454,82735,38,86,357,DYRK2,DYRK2,STK,ST,FALSE,CMGC,MK10_214_226_T8_0b4_O0xO,AGtSFMMT*PYVVT
8,T8,TSFMMTPYVVT_,TSFMM,T,PYVVT,0.1035756812287246,0.6317398924276304,52267,82735,37,77,116,DYRK1B,DYRK1B,STK,ST,FALSE,CMGC,MK10_214_226_T8_0b4_O0xO,AGtSFMMT*PYVVT
8,T8,TSFMMTPYVVT_,TSFMM,T,PYVVT,0.1280481923127874,0.6316552849459116,52260,82735,36,78,353,DYRK4,DYRK4,STK,ST,FALSE,CMGC,MK10_214_226_T8_0b4_O0xO,AGtSFMMT*PYVVT
8,T8,TSFMMTPYVVT_,TSFMM,T,PYVVT,0.18760177537188238,0.8226868918837251,68065,82735,35,36,269,ERK7,MAPK15,STK,ST,FALSE,CMGC,MK10_214_226_T8_0b4_O0xO,AGtSFMMT*PYVVT
8,T8,TSFMMTPYVVT_,TSFMM,T,PYVVT,0.25284397408509296,0.6693177010938539,55376,82735,34,67,159,CDK1,CDK1,STK,ST,FALSE,CMGC,MK10_214_226_T8_0b4_O0xO,AGtSFMMT*PYVVT
8,T8,TSFMMTPYVVT_,TSFMM,T,PYVVT,0.29392886319369727,0.961020124493866,79510,82735,33,7,118,VRK2,VRK2,STK,ST,FALSE,CK1,MK10_214_226_T8_0b4_O0xO,AGtSFMMT*PYVVT
8,T8,TSFMMTPYVVT_,TSFMM,T,PYVVT,0.2995110394885713,0.9151386958361032,75714,82735,32,15,60,SMG1,SMG1,STK,ST,FALSE,PIKK,MK10_214_226_T8_0b4_O0xO,AGtSFMMT*PYVVT
8,T8,TSFMMTPYVVT_,TSFMM,T,PYVVT,0.3854793782903464,0.6651598477065329,55032,82735,31,69,115,DYRK1A,DYRK1A,STK,ST,FALSE,CMGC,MK10_214_226_T8_0b4_O0xO,AGtSFMMT*PYVVT
8,T8,TSFMMTPYVVT_,TSFMM,T,PYVVT,0.4669752089774256,0.9749682721943554,80664,82735,30,4,307,NEK11,NEK11,STK,ST,FALSE,Other,MK10_214_226_T8_0b4_O0xO,AGtSFMMT*PYVVT
8,T8,TSFMMTPYVVT_,TSFMM,T,PYVVT,0.4958139204488229,0.6939263914909047,57412,82735,29,62,33,CDK18,CDK18,STK,ST,FALSE,CMGC,MK10_214_226_T8_0b4_O0xO,AGtSFMMT*PYVVT
8,T8,TSFMMTPYVVT_,TSFMM,T,PYVVT,0.5345681303123612,0.7463830301565239,61752,82735,28,55,49,CDK10,CDK10,STK,ST,FALSE,CMGC,MK10_214_226_T8_0b4_O0xO,AGtSFMMT*PYVVT
8,T8,TSFMMTPYVVT_,TSFMM,T,PYVVT,0.6222393955561708,0.9747144497491993,80643,82735,27,5,110,NEK3,NEK3,STK,ST,FALSE,Other,MK10_214_226_T8_0b4_O0xO,AGtSFMMT*PYVVT
8,T8,TSFMMTPYVVT_,TSFMM,T,PYVVT,0.7721675956959111,0.7062790838218408,58434,82735,26,59,152,CDK5,CDK5,STK,ST,FALSE,CMGC,MK10_214_226_T8_0b4_O0xO,AGtSFMMT*PYVVT
8,T8,TSFMMTPYVVT_,TSFMM,T,PYVVT,1.042465672095233,0.8217682963679217,67989,82735,25,37,321,PRP4,PRPF4B,STK,ST,FALSE,CMGC,MK10_214_226_T8_0b4_O0xO,AGtSFMMT*PYVVT
8,T8,TSFMMTPYVVT_,TSFMM,T,PYVVT,1.2579252209281038,0.7888318124131263,65264,82735,24,48,156,CDK2,CDK2,STK,ST,FALSE,CMGC,MK10_214_226_T8_0b4_O0xO,AGtSFMMT*PYVVT
8,T8,TSFMMTPYVVT_,TSFMM,T,PYVVT,1.494546152209653,0.7605245663866562,62922,82735,23,52,149,CDK7,CDK7,STK,ST,FALSE,CMGC,MK10_214_226_T8_0b4_O0xO,AGtSFMMT*PYVVT
8,T8,TSFMMTPYVVT_,TSFMM,T,PYVVT,1.7087094112521848,0.7832356318365867,64801,82735,22,49,35,CDK19,CDK19,STK,ST,FALSE,CMGC,MK10_214_226_T8_0b4_O0xO,AGtSFMMT*PYVVT
8,T8,TSFMMTPYVVT_,TSFMM,T,PYVVT,1.9952713071758252,0.8040490723393968,66523,82735,21,43,52,CDK14,CDK14,STK,ST,FALSE,CMGC,MK10_214_226_T8_0b4_O0xO,AGtSFMMT*PYVVT
8,T8,TSFMMTPYVVT_,TSFMM,T,PYVVT,2.1490430895235093,0.8068048588868073,66751,82735,20,42,91,HIPK3,HIPK3,STK,ST,FALSE,CMGC,MK10_214_226_T8_0b4_O0xO,AGtSFMMT*PYVVT
8,T8,TSFMMTPYVVT_,TSFMM,T,PYVVT,2.240071852750373,0.8081706653774098,66864,82735,19,41,148,CDK8,CDK8,STK,ST,FALSE,CMGC,MK10_214_226_T8_0b4_O0xO,AGtSFMMT*PYVVT
8,T8,TSFMMTPYVVT_,TSFMM,T,PYVVT,2.2569097228798736,0.7787393485223908,64429,82735,18,50,30,CDK17,CDK17,STK,ST,FALSE,CMGC,MK10_214_226_T8_0b4_O0xO,AGtSFMMT*PYVVT
8,T8,TSFMMTPYVVT_,TSFMM,T,PYVVT,2.280491681506676,0.8261920589835016,68355,82735,17,33,153,CDK4,CDK4,STK,ST,FALSE,CMGC,MK10_214_226_T8_0b4_O0xO,AGtSFMMT*PYVVT
8,T8,TSFMMTPYVVT_,TSFMM,T,PYVVT,2.3155371142230026,0.9097842509216172,75271,82735,16,18,268,ERK5,MAPK7,STK,ST,FALSE,CMGC,MK10_214_226_T8_0b4_O0xO,AGtSFMMT*PYVVT
8,T8,TSFMMTPYVVT_,TSFMM,T,PYVVT,2.4389262126896627,0.9857496827219435,81556,82735,15,1,209,PINK1,PINK1,STK,ST,FALSE,Other,MK10_214_226_T8_0b4_O0xO,AGtSFMMT*PYVVT
8,T8,TSFMMTPYVVT_,TSFMM,T,PYVVT,2.53095504052445,0.8292016679760682,68604,82735,14,32,51,CDK13,CDK13,STK,ST,FALSE,CMGC,MK10_214_226_T8_0b4_O0xO,AGtSFMMT*PYVVT
8,T8,TSFMMTPYVVT_,TSFMM,T,PYVVT,2.5430926297014698,0.8333353477971838,68946,82735,13,30,50,CDK12,CDK12,STK,ST,FALSE,CMGC,MK10_214_226_T8_0b4_O0xO,AGtSFMMT*PYVVT
8,T8,TSFMMTPYVVT_,TSFMM,T,PYVVT,2.7332856295387757,0.7974496887653351,65977,82735,12,45,179,JNK3,MAPK10,STK,ST,FALSE,CMGC,MK10_214_226_T8_0b4_O0xO,AGtSFMMT*PYVVT
8,T8,TSFMMTPYVVT_,TSFMM,T,PYVVT,2.7460205646246516,0.8137910195201548,67329,82735,11,38,266,ERK1,MAPK3,STK,ST,FALSE,CMGC,MK10_214_226_T8_0b4_O0xO,AGtSFMMT*PYVVT
8,T8,TSFMMTPYVVT_,TSFMM,T,PYVVT,2.7795537979499927,0.9155859068109022,75751,82735,10,14,240,NLK,NLK,STK,ST,FALSE,CMGC,MK10_214_226_T8_0b4_O0xO,AGtSFMMT*PYVVT
8,T8,TSFMMTPYVVT_,TSFMM,T,PYVVT,2.819181448920956,0.869462742491086,71935,82735,9,23,147,CDK9,CDK9,STK,ST,FALSE,CMGC,MK10_214_226_T8_0b4_O0xO,AGtSFMMT*PYVVT
8,T8,TSFMMTPYVVT_,TSFMM,T,PYVVT,2.8568965166799605,0.8133558953284583,67293,82735,8,39,176,JNK1,MAPK8,STK,ST,FALSE,CMGC,MK10_214_226_T8_0b4_O0xO,AGtSFMMT*PYVVT
8,T8,TSFMMTPYVVT_,TSFMM,T,PYVVT,2.880567910004612,0.8697769988517556,71961,82735,7,22,151,CDK6,CDK6,STK,ST,FALSE,CMGC,MK10_214_226_T8_0b4_O0xO,AGtSFMMT*PYVVT
8,T8,TSFMMTPYVVT_,TSFMM,T,PYVVT,3.21709965486675,0.8924155436030701,73834,82735,6,21,267,ERK2,MAPK1,STK,ST,FALSE,CMGC,MK10_214_226_T8_0b4_O0xO,AGtSFMMT*PYVVT
8,T8,TSFMMTPYVVT_,TSFMM,T,PYVVT,3.2685812986628613,0.8252130295521847,68274,82735,5,34,178,JNK2,MAPK9,STK,ST,FALSE,CMGC,MK10_214_226_T8_0b4_O0xO,AGtSFMMT*PYVVT
8,T8,TSFMMTPYVVT_,TSFMM,T,PYVVT,3.350121021014339,0.7990088837855804,66106,82735,4,44,10,P38G,MAPK12,STK,ST,FALSE,CMGC,MK10_214_226_T8_0b4_O0xO,AGtSFMMT*PYVVT
8,T8,TSFMMTPYVVT_,TSFMM,T,PYVVT,3.7508377144646903,0.9122257811083581,75473,82735,3,17,3,P38A,MAPK14,STK,ST,FALSE,CMGC,MK10_214_226_T8_0b4_O0xO,AGtSFMMT*PYVVT
8,T8,TSFMMTPYVVT_,TSFMM,T,PYVVT,4.27100144368528,0.9236357043572853,76417,82735,2,13,2,P38B,MAPK11,STK,ST,FALSE,CMGC,MK10_214_226_T8_0b4_O0xO,AGtSFMMT*PYVVT
8,T8,TSFMMTPYVVT_,TSFMM,T,PYVVT,5.999438096646928,0.9702786003505167,80276,82735,1,6,4,P38D,MAPK13,STK,ST,FALSE,CMGC,MK10_214_226_T8_0b4_O0xO,AGtSFMMT*PYVVT
